395
35
234
214
365
419
243
486
292
547
169
173
376
279
1
178
545
205
417
270
157
529
336
37
543
290
271
184
64
153
425
305
350
519
385
155
277
226
265
188
482
108
347
337
98
202
457
183
352
439
85
255
449
524
399
393
221
372
315
66
267
324
39
264
110
134
84
139
89
291
434
44
515
61
263
63
190
218
546
548
377
378
424
453
360
499
341
537
321
73
300
60
171
47
186
355
25
540
210
174
145
468
215
443
284
444
429
240
339
382
223
335
140
228
83
130
246
88
80
330
137
154
517
463
447
348
236
227
82
142
472
58
302
128
152
269
441
503
208
521
535
481
436
105
75
437
143
103
484
527
496
450
17
504
411
366
23
467
361
338
212
95
162
331
495
111
232
54
117
276
364
522
19
45
514
432
120
5
18
42
51
187
389
91
461
79
252
69
304
329
282
518
131
323
285
46
311
280
36
244
445
229
402
454
544
333
224
483
388
59
475
278
68
238
268
420
127
176
459
160
370
185
167
536
465
220
351
369
542
313
289
201
112
24
222
368
90
15
390
211
57
122
462
325
326
502
247
231
408
500
498
501
452
430
469
72
487
67
197
309
121
86
363
81
327
93
4
343
508
182
133
179
431
253
125
428
442
48
509
380
71
22
213
294
233
497
207
175
31
303
362
248
416
118
12
181
410
74
196
435
138
92
357
488
493
254
400
32
180
528
206
464
144
438
415
97
8
21
283
298
100
281
77
471
359
55
334
124
466
52
458
102
422
538
477
260
199
56
401
328
532
40
383
414
109
